https://py.checkio.org/mission/open-labyrinth/

迷宫没有墙壁，但是每条边的路被坑包围。如果一个玩家掉在坑里的话，他们就丢失了。迷宫是用矩阵来表示（含有列表的列表）: 1是坑，0的路径的一部分。 迷宫的大小是12×12，外界都是坑。玩家在点（1,1）开始。出口是在点（10,10）。 你需要找到通过迷宫的路径。 玩家只能通过四个方向移动 南（下 [1,0]），北（上 [-1,0]）， 东（右[0,1]），西（左[0，-1]）。这条路线被描述成由不同的字符组成的字符串：“S”=南，“N”=北，“E”=东，和“W”=西。

输入: 用由1和0组成的列表所表示的一个迷宫图。

输出: 用由"W", "E", "N" 和 "S"组成的字符串所表示的路径。

范例:

checkio([
    [1, 1, 1, 1, 1, 1, 1, 1, 1, 1, 1, 1],
    [1, 0, 0, 0, 0, 0, 0, 0, 0, 0, 0, 1],
    [1, 0, 1, 1, 1, 1, 1, 1, 0, 1, 1, 1],
    [1, 0, 1, 0, 0, 0, 0, 0, 0, 0, 0, 1],
    [1, 0, 1, 0, 1, 1, 1, 1, 1, 1, 0, 1],
    [1, 0, 1, 0, 1, 0, 0, 0, 0, 0, 0, 1],
    [1, 0, 0, 0, 1, 1, 0, 1, 1, 1, 0, 1],
    [1, 0, 1, 0, 0, 0, 0, 1, 0, 1, 1, 1],
    [1, 0, 1, 1, 0, 1, 0, 0, 0, 0, 0, 1],
    [1, 0, 1, 0, 0, 1, 1, 1, 1, 1, 0, 1],
    [1, 0, 0, 0, 1, 1, 0, 0, 0, 0, 0, 1],
    [1, 1, 1, 1, 1, 1, 1, 1, 1, 1, 1, 1]])
	
如何使用： 这是图中的路径寻找的经典问题 - 是的，迷宫可以表示为图。它可用于在导航软件从a到b的导航和电脑游戏中的人工智能。 你可以找到你想要到达任何地方的路径。只是将一个地图变成方形单元还有标记不能走的地方。

前提: 边界都是坑
len(labyrinth) == 12
all(len(row) == 12 for row in labyrinth)